8
31
32
33
35
46
49
51
126
174
175
176
178
188
206
250
251
255
284
285
286
313
320
321
327
331
343
344
345
346
354
355
356
358
401
433
449
458
459
460
484
485
486
487
504
505
509
540
553
554
570
571
572
575
576
579
580
581
582
583
584
597
598
604
605
606
623
624
645
646
648
655
689
709
894
713
714
715
716
717
721
724
731
736
733
742
743
807
744
745
746
747
750
751
760
767
764
765
766
775
777
778
895
779
782
786
790
792
793
795
797
798
799
796
800
801
802
803
804
810
814
816
817
818
819
820
821
826
828
832
836
837
830
831
839
843
844
845
849
869
850
851
857
858
859
862
863
864
877
883
889
896
897
1164
1167
910
913
918
919
924
925
926
927
933
934
937
938
939
940
974
951
953
969
970
975
976
984
986
988
990
998
1006
1007
1012
1013
1008
1010
5178.01
1015
1016
1017
1019
1023
1030
1031
1037
1044
1045
1046
1051
1052
1053
1056
1060
1062
1076
1100
1101
1099
1106
1117
5166
5167
5168
1134
1135
1136
1141
1137
1140
1142
1143
1149
1161
1162
1163
1174
1176
1178
1181
1183
1184
1186
1188
1189
1190
1192
1193
1195
1196
1197
1198
1199
1200
1201
1202
1203
1205
1206
1207
1208
1209
1210
1212
5006
5014
5015
5025
5025.01
5025.02
5027
5027.01
5028
5028.01
5029.01
5047
5047.01
5054.01
5054
5055
5060.02
5059
5058
5063
5063.01
5061
5061.01
5061.02
5061.03
5064
5064.02
5064.03
5068
5068.03
5065
5065.03
5065.04
5066
5062
5062.02
5062.03
5062.04
5074
5074.02
5074.03
5074.04
5074.05
5074.01
5074.06
5074.07
5074.08
5074.09
5074.10
5074.17
5074.11
5074.12
5074.16
5074.15
5074.13
5074.14
5075
5079.05
5090
5091
5092
5093
5097.01
5097.02
5097.04
5097.03
5094
5098
5095
5096
5105
5107
5111.02
5108
5118.01
5124.06
5118.02
5118.09
5126.01
5124.02
5124.09
5124.10
5124.13
5124.18
5124.19
5124.20
5124.21
5124.14
5124.15
5076
5076.02
5076.01
5076.03
5076.04
5076.10
5076.05
5076.06
5076.09
5076.08
5076.07
5133
5134
5112.02
5130
5130.01
5127.01
5114.04
5114.02
5114.03
5141
5141.01
5143
5144
5144.01
5144.02
5144.03
5142
5128.01
5146
5116.02
5116.05
5116.03
5153.02
5153.03
5158.01
914
5169.01
5176.03
5179
5179.01
5180
791
5182.02
5182.03
5182.04
5182.06
971
1185
510
5126.02
5116.04
5182.01
1187
1194
1204
1211
1213
5176.02
5176.04
776
827
829
5099
852
5149.03
5149.06
5149.07
1191